W(3, 6) = 
0.000000 1.000000 -1.000000 0.000000 0.000000 0.000000 
0.000000 0.000000 0.000000 1.000000 0.000000 -1.000000 
-1.000000 0.000000 1.000000 0.000000 1.000000 1.000000 
TP(6, 9) = 
-0.002138 -0.001040 -0.001978 0.008659 -0.000198 -0.002335 -0.000994 -0.002313 -0.002033 
-0.010864 -0.000111 -0.000211 0.000198 0.011340 0.000476 -0.000106 -0.000247 -0.000217 
0.005143 -0.001308 -0.002488 0.002335 0.000476 0.005619 -0.001250 -0.002909 -0.002558 
-0.001144 -0.006214 -0.001058 0.000994 -0.000106 -0.001250 0.008766 -0.001238 0.002553 
-0.002663 -0.001295 -0.002464 0.002313 -0.000247 -0.002909 -0.001238 0.005593 -0.002533 
-0.002341 0.002670 -0.002166 0.002033 -0.000217 -0.002558 0.002553 -0.002533 0.005223 
